3571873815
3571873819
3571873805
3571873809
3571873215
3571873219
3571873205
3571873209
3571876815
3571876819
3571876805
3571876809
3571876215
3571876219
3571876205
3571876209
3571843815
3571843819
3571843805
3571843809
3571843215
3571843219
3571843205
3571843209
3571846815
3571846819
3571846805
3571846809
3571846215
3571846219
3571846205
3571846209
3571273815
3571273819
3571273805
3571273809
3571273215
3571273219
3571273205
3571273209
3571276815
3571276819
3571276805
3571276809
3571276215
3571276219
3571276205
3571276209
3571243815
3571243819
3571243805
3571243809
3571243215
3571243219
3571243205
3571243209
3571246815
3571246819
3571246805
3571246809
3571246215
3571246219
3571246205
3571246209
3570873815
3570873819
3570873805
3570873809
3570873215
3570873219
3570873205
3570873209
3570876815
3570876819
3570876805
3570876809
3570876215
3570876219
3570876205
3570876209
3570843815
3570843819
3570843805
3570843809
3570843215
3570843219
3570843205
3570843209
3570846815
3570846819
3570846805
3570846809
3570846215
3570846219
3570846205
3570846209
3570273815
3570273819
3570273805
3570273809
3570273215
3570273219
3570273205
3570273209
3570276815
3570276819
3570276805
3570276809
3570276215
3570276219
3570276205
3570276209
3570243815
3570243819
3570243805
3570243809
3570243215
3570243219
3570243205
3570243209
3570246815
3570246819
3570246805
3570246809
3570246215
3570246219
3570246205
3570246209
3541873815
3541873819
3541873805
3541873809
3541873215
3541873219
3541873205
3541873209
3541876815
3541876819
3541876805
3541876809
3541876215
3541876219
3541876205
3541876209
3541843815
3541843819
3541843805
3541843809
3541843215
3541843219
3541843205
3541843209
3541846815
3541846819
3541846805
3541846809
3541846215
3541846219
3541846205
3541846209
3541273815
3541273819
3541273805
3541273809
3541273215
3541273219
3541273205
3541273209
3541276815
3541276819
3541276805
3541276809
3541276215
3541276219
3541276205
3541276209
3541243815
3541243819
3541243805
3541243809
3541243215
3541243219
3541243205
3541243209
3541246815
3541246819
3541246805
3541246809
3541246215
3541246219
3541246205
3541246209
3540873815
3540873819
3540873805
3540873809
3540873215
3540873219
3540873205
3540873209
3540876815
3540876819
3540876805
3540876809
3540876215
3540876219
3540876205
3540876209
3540843815
3540843819
3540843805
3540843809
3540843215
3540843219
3540843205
3540843209
3540846815
3540846819
3540846805
3540846809
3540846215
3540846219
3540846205
3540846209
3540273815
3540273819
3540273805
3540273809
3540273215
3540273219
3540273205
3540273209
3540276815
3540276819
3540276805
3540276809
3540276215
3540276219
3540276205
3540276209
3540243815
3540243819
3540243805
3540243809
3540243215
3540243219
3540243205
3540243209
3540246815
3540246819
3540246805
3540246809
3540246215
3540246219
3540246205
3540246209
3971873815
3971873819
3971873805
3971873809
3971873215
3971873219
3971873205
3971873209
3971876815
3971876819
3971876805
3971876809
3971876215
3971876219
3971876205
3971876209
3971843815
3971843819
3971843805
3971843809
3971843215
3971843219
3971843205
3971843209
3971846815
3971846819
3971846805
3971846809
3971846215
3971846219
3971846205